Training and Validation Loss Data for Llama Model
============================================================

TRAINING DATA:
Step     Train Loss   Learning Rate  
-----------------------------------
1        0.507100     0.00e+00       
2        0.456500     4.17e-06       
3        0.551500     8.33e-06       
4        0.396800     1.25e-05       
5        0.303500     1.67e-05       
6        0.365900     2.08e-05       
7        0.181000     2.50e-05       
8        0.638000     2.92e-05       
9        0.366600     3.33e-05       
10       0.434900     3.75e-05       
11       0.256700     4.17e-05       
12       0.378100     4.58e-05       
13       0.121000     5.00e-05       
14       0.300900     5.42e-05       
15       0.179600     5.83e-05       
16       0.489900     6.25e-05       
17       0.295600     6.67e-05       
18       0.327400     7.08e-05       
19       0.133600     7.50e-05       
20       0.154700     7.92e-05       
21       0.154900     8.33e-05       
22       0.059400     8.75e-05       
23       0.188400     9.17e-05       
24       0.269700     9.58e-05       
25       0.199700     1.00e-04       
26       0.313100     1.00e-04       
27       0.136100     9.99e-05       
28       0.322900     9.98e-05       
29       0.252300     9.96e-05       
30       0.136800     9.93e-05       
31       0.275500     9.90e-05       
32       0.193500     9.87e-05       
33       0.165500     9.83e-05       
34       0.304300     9.78e-05       
35       0.181800     9.73e-05       
36       0.170700     9.68e-05       
37       0.176500     9.62e-05       
38       0.352100     9.55e-05       
39       0.178500     9.48e-05       
40       0.294900     9.41e-05       
41       0.235300     9.33e-05       
42       0.419000     9.25e-05       
43       0.156600     9.16e-05       
44       0.118700     9.06e-05       
45       0.055200     8.97e-05       
46       0.113500     8.87e-05       
47       0.265800     8.76e-05       
48       0.149600     8.65e-05       
49       0.153100     8.54e-05       
50       0.153700     8.42e-05       
51       0.089400     8.30e-05       
52       0.159300     8.17e-05       
53       0.189600     8.04e-05       
54       0.157600     7.91e-05       
55       0.259000     7.78e-05       
56       0.083000     7.64e-05       
57       0.107500     7.50e-05       
58       0.151800     7.36e-05       
59       0.118600     7.21e-05       
60       0.176700     7.06e-05       
61       0.217900     6.91e-05       
62       0.240700     6.76e-05       
63       0.152700     6.61e-05       
64       0.122800     6.45e-05       
65       0.169900     6.29e-05       
66       0.312700     6.14e-05       
67       0.051900     5.98e-05       
68       0.032700     5.81e-05       
69       0.064400     5.65e-05       
70       0.127900     5.49e-05       
71       0.100100     5.33e-05       
72       0.173300     5.16e-05       
73       0.150100     5.00e-05       
74       0.033100     4.84e-05       
75       0.129100     4.67e-05       
76       0.105400     4.51e-05       
77       0.134000     4.35e-05       
78       0.096600     4.19e-05       
79       0.188300     4.02e-05       
80       0.213700     3.86e-05       
81       0.106300     3.71e-05       
82       0.380400     3.55e-05       
83       0.058700     3.39e-05       
84       0.131600     3.24e-05       
85       0.048200     3.09e-05       
86       0.148500     2.94e-05       
87       0.120700     2.79e-05       
88       0.118600     2.64e-05       
89       0.058700     2.50e-05       
90       0.158100     2.36e-05       
91       0.084100     2.22e-05       
92       0.317300     2.09e-05       
93       0.365600     1.96e-05       
94       0.094100     1.83e-05       
95       0.121700     1.70e-05       
96       0.077400     1.58e-05       
97       0.226100     1.46e-05       
98       0.109300     1.35e-05       
99       0.131000     1.24e-05       
100      0.118800     1.13e-05       
101      0.096900     1.03e-05       
102      0.043100     9.36e-06       
103      0.122800     8.43e-06       
104      0.126100     7.54e-06       
105      0.081900     6.70e-06       
106      0.152800     5.90e-06       
107      0.119500     5.16e-06       
108      0.088000     4.46e-06       
109      0.062000     3.81e-06       
110      0.060500     3.20e-06       
111      0.151800     2.65e-06       
112      0.200200     2.15e-06       
113      0.079900     1.70e-06       
114      0.104600     1.31e-06       
115      0.511200     9.61e-07       
116      0.104300     6.68e-07       
117      0.096200     4.28e-07       
118      0.105600     2.41e-07       
119      0.069500     1.07e-07       
120      0.035000     2.68e-08       

VALIDATION DATA:
Step     Eval Loss   
--------------------
10       0.343850    
20       0.297950    
30       0.255851    
40       0.233680    
50       0.194297    
60       0.178448    
70       0.165420    
80       0.162826    
90       0.156585    
100      0.154293    
110      0.152942    
120      0.152718    

FINAL METRICS:
Final Training Loss: 0.035000
Final Validation Loss: 0.152718
Final Learning Rate: 2.68e-08
