Training and Validation Loss Data for Mistral Model
============================================================

TRAINING DATA:
Step     Train Loss   Learning Rate  
-----------------------------------
1        0.449000     0.00e+00       
2        0.392300     4.17e-06       
3        0.378200     8.33e-06       
4        0.105700     1.25e-05       
5        0.097700     1.67e-05       
6        0.070400     2.08e-05       
7        0.053200     2.50e-05       
8        0.057500     2.92e-05       
9        0.050800     3.33e-05       
10       0.051900     3.75e-05       
11       0.020600     4.17e-05       
12       0.035000     4.58e-05       
13       0.027200     5.00e-05       
14       0.013400     5.42e-05       
15       0.017000     5.83e-05       
16       0.020400     6.25e-05       
17       0.012400     6.67e-05       
18       0.016800     7.08e-05       
19       0.016600     7.50e-05       
20       0.015400     7.92e-05       
21       0.015000     8.33e-05       
22       0.034700     8.75e-05       
23       0.039600     9.17e-05       
24       0.017600     9.58e-05       
25       0.047600     1.00e-04       
26       0.019100     1.00e-04       
27       0.015400     9.99e-05       
28       0.012700     9.98e-05       
29       0.013400     9.96e-05       
30       0.019800     9.93e-05       
31       0.102100     9.90e-05       
32       0.206400     9.87e-05       
33       0.056700     9.83e-05       
34       0.054300     9.78e-05       
35       0.031300     9.73e-05       
36       0.018900     9.68e-05       
37       0.016200     9.62e-05       
38       0.091300     9.55e-05       
39       0.012000     9.48e-05       
40       0.025100     9.41e-05       
41       0.054600     9.33e-05       
42       0.061200     9.25e-05       
43       0.030600     9.16e-05       
44       0.013700     9.06e-05       
45       0.017600     8.97e-05       
46       0.015300     8.87e-05       
47       0.013100     8.76e-05       
48       0.014100     8.65e-05       
49       0.012400     8.54e-05       
50       0.017800     8.42e-05       
51       0.025100     8.30e-05       
52       0.017500     8.17e-05       
53       0.014200     8.04e-05       
54       0.039000     7.91e-05       
55       0.144100     7.78e-05       
56       0.011400     7.64e-05       
57       0.066800     7.50e-05       
58       0.013100     7.36e-05       
59       0.020600     7.21e-05       
60       0.061000     7.06e-05       
61       0.054400     6.91e-05       
62       0.017600     6.76e-05       
63       0.009500     6.61e-05       
64       0.010700     6.45e-05       
65       0.016200     6.29e-05       
66       0.011800     6.14e-05       
67       0.016800     5.98e-05       
68       0.058600     5.81e-05       
69       0.013800     5.65e-05       
70       0.009300     5.49e-05       
71       0.012200     5.33e-05       
72       0.012600     5.16e-05       
73       0.013100     5.00e-05       
74       0.009500     4.84e-05       
75       0.012500     4.67e-05       
76       0.016300     4.51e-05       
77       0.014500     4.35e-05       
78       0.011900     4.19e-05       
79       0.011800     4.02e-05       
80       0.011800     3.86e-05       
81       0.013200     3.71e-05       
82       0.012700     3.55e-05       
83       0.013600     3.39e-05       
84       0.013200     3.24e-05       
85       0.009900     3.09e-05       
86       0.016700     2.94e-05       
87       0.016100     2.79e-05       
88       0.040000     2.64e-05       
89       0.011200     2.50e-05       
90       0.012600     2.36e-05       
91       0.010000     2.22e-05       
92       0.014900     2.09e-05       
93       0.013100     1.96e-05       
94       0.010100     1.83e-05       
95       0.019000     1.70e-05       
96       0.009600     1.58e-05       
97       0.010400     1.46e-05       
98       0.011200     1.35e-05       
99       0.011400     1.24e-05       
100      0.009700     1.13e-05       
101      0.012700     1.03e-05       
102      0.020100     9.36e-06       
103      0.018500     8.43e-06       
104      0.010100     7.54e-06       
105      0.012900     6.70e-06       
106      0.012800     5.90e-06       
107      0.010100     5.16e-06       
108      0.012100     4.46e-06       
109      0.009500     3.81e-06       
110      0.012100     3.20e-06       
111      0.016600     2.65e-06       
112      0.010400     2.15e-06       
113      0.011000     1.70e-06       
114      0.012900     1.31e-06       
115      0.010300     9.61e-07       
116      0.010200     6.68e-07       
117      0.013700     4.28e-07       
118      0.011000     2.41e-07       
119      0.009900     1.07e-07       
120      0.012000     2.68e-08       

VALIDATION DATA:
Step     Eval Loss   
--------------------
10       0.913459    
20       1.141085    
30       1.573605    
40       1.409109    
50       4.059721    
60       4.415926    
70       2.137968    
80       2.232324    
90       1.854486    
100      1.998392    
110      2.057499    
120      2.068493    

FINAL METRICS:
Final Training Loss: 0.012000
Final Validation Loss: 2.068493
Final Learning Rate: 2.68e-08
