Training and Validation Loss Data for Qwen Model
============================================================

TRAINING DATA:
Step     Train Loss   Learning Rate  
-----------------------------------
1        0.378100     0.00e+00       
2        0.361700     4.17e-06       
3        0.367500     8.33e-06       
4        0.326700     1.25e-05       
5        0.294500     1.67e-05       
6        0.318500     2.08e-05       
7        0.188300     2.50e-05       
8        0.459600     2.92e-05       
9        0.262100     3.33e-05       
10       0.299100     3.75e-05       
11       0.207000     4.17e-05       
12       0.340000     4.58e-05       
13       0.118000     5.00e-05       
14       0.227200     5.42e-05       
15       0.163000     5.83e-05       
16       0.290000     6.25e-05       
17       0.187000     6.67e-05       
18       0.247100     7.08e-05       
19       0.111600     7.50e-05       
20       0.141000     7.92e-05       
21       0.135900     8.33e-05       
22       0.052900     8.75e-05       
23       0.174000     9.17e-05       
24       0.214900     9.58e-05       
25       0.158100     1.00e-04       
26       0.217500     1.00e-04       
27       0.097800     9.99e-05       
28       0.236900     9.98e-05       
29       0.120300     9.96e-05       
30       0.112700     9.93e-05       
31       0.218500     9.90e-05       
32       0.148900     9.87e-05       
33       0.101300     9.83e-05       
34       0.159100     9.78e-05       
35       0.129900     9.73e-05       
36       0.150100     9.68e-05       
37       0.127700     9.62e-05       
38       0.263300     9.55e-05       
39       0.122400     9.48e-05       
40       0.195700     9.41e-05       
41       0.138800     9.33e-05       
42       0.235100     9.25e-05       
43       0.107100     9.16e-05       
44       0.106100     9.06e-05       
45       0.048600     8.97e-05       
46       0.093100     8.87e-05       
47       0.160800     8.76e-05       
48       0.118600     8.65e-05       
49       0.128800     8.54e-05       
50       0.124000     8.42e-05       
51       0.072200     8.30e-05       
52       0.112600     8.17e-05       
53       0.137100     8.04e-05       
54       0.134900     7.91e-05       
55       0.193700     7.78e-05       
56       0.079100     7.64e-05       
57       0.081100     7.50e-05       
58       0.132400     7.36e-05       
59       0.108700     7.21e-05       
60       0.115800     7.06e-05       
61       0.106700     6.91e-05       
62       0.173200     6.76e-05       
63       0.141800     6.61e-05       
64       0.090300     6.45e-05       
65       0.121900     6.29e-05       
66       0.268100     6.14e-05       
67       0.066400     5.98e-05       
68       0.031800     5.81e-05       
69       0.058200     5.65e-05       
70       0.095200     5.49e-05       
71       0.096200     5.33e-05       
72       0.113300     5.16e-05       
73       0.144700     5.00e-05       
74       0.054400     4.84e-05       
75       0.080200     4.67e-05       
76       0.116700     4.51e-05       
77       0.102700     4.35e-05       
78       0.081700     4.19e-05       
79       0.164900     4.02e-05       
80       0.189800     3.86e-05       
81       0.095500     3.71e-05       
82       0.243900     3.55e-05       
83       0.046400     3.39e-05       
84       0.117400     3.24e-05       
85       0.048400     3.09e-05       
86       0.097600     2.94e-05       
87       0.128600     2.79e-05       
88       0.130900     2.64e-05       
89       0.052000     2.50e-05       
90       0.146400     2.36e-05       
91       0.075300     2.22e-05       
92       0.260300     2.09e-05       
93       0.284200     1.96e-05       
94       0.092600     1.83e-05       
95       0.083400     1.70e-05       
96       0.092900     1.58e-05       
97       0.189300     1.46e-05       
98       0.099900     1.35e-05       
99       0.119200     1.24e-05       
100      0.108200     1.13e-05       
101      0.075300     1.03e-05       
102      0.039100     9.36e-06       
103      0.087100     8.43e-06       
104      0.089900     7.54e-06       
105      0.072300     6.70e-06       
106      0.138300     5.90e-06       
107      0.089400     5.16e-06       
108      0.083600     4.46e-06       
109      0.060200     3.81e-06       
110      0.070700     3.20e-06       
111      0.138400     2.65e-06       
112      0.154800     2.15e-06       
113      0.051800     1.70e-06       
114      0.089500     1.31e-06       
115      0.328900     9.61e-07       
116      0.092300     6.68e-07       
117      0.120000     4.28e-07       
118      0.093200     2.41e-07       
119      0.073900     1.07e-07       
120      0.032700     2.68e-08       

VALIDATION DATA:
Step     Eval Loss   
--------------------
10       0.259438    
20       0.211143    
30       0.182990    
40       0.153911    
50       0.143530    
60       0.137905    
70       0.134891    
80       0.133132    
90       0.130789    
100      0.129080    
110      0.128481    
120      0.128414    

FINAL METRICS:
Final Training Loss: 0.032700
Final Validation Loss: 0.128414
Final Learning Rate: 2.68e-08
