Training and Validation Loss Data for Seedcoder Model
============================================================

TRAINING DATA:
Step     Train Loss   Learning Rate  
-----------------------------------
1        0.404900     0.00e+00       
2        0.389300     4.17e-06       
3        0.389200     8.33e-06       
4        0.352600     1.25e-05       
5        0.298300     1.67e-05       
6        0.322300     2.08e-05       
7        0.189700     2.50e-05       
8        0.452600     2.92e-05       
9        0.277600     3.33e-05       
10       0.303500     3.75e-05       
11       0.209800     4.17e-05       
12       0.326300     4.58e-05       
13       0.112200     5.00e-05       
14       0.233400     5.42e-05       
15       0.166600     5.83e-05       
16       0.295900     6.25e-05       
17       0.191100     6.67e-05       
18       0.268200     7.08e-05       
19       0.109800     7.50e-05       
20       0.136300     7.92e-05       
21       0.141100     8.33e-05       
22       0.057800     8.75e-05       
23       0.171800     9.17e-05       
24       0.212200     9.58e-05       
25       0.154700     1.00e-04       
26       0.224900     1.00e-04       
27       0.100000     9.99e-05       
28       0.245300     9.98e-05       
29       0.136300     9.96e-05       
30       0.123400     9.93e-05       
31       0.243200     9.90e-05       
32       0.155100     9.87e-05       
33       0.129600     9.83e-05       
34       0.172500     9.78e-05       
35       0.138500     9.73e-05       
36       0.145700     9.68e-05       
37       0.132700     9.62e-05       
38       0.268700     9.55e-05       
39       0.130000     9.48e-05       
40       0.206100     9.41e-05       
41       0.170500     9.33e-05       
42       0.231700     9.25e-05       
43       0.106400     9.16e-05       
44       0.101700     9.06e-05       
45       0.049600     8.97e-05       
46       0.096200     8.87e-05       
47       0.182600     8.76e-05       
48       0.115500     8.65e-05       
49       0.125500     8.54e-05       
50       0.115800     8.42e-05       
51       0.072300     8.30e-05       
52       0.112800     8.17e-05       
53       0.169000     8.04e-05       
54       0.144600     7.91e-05       
55       0.229400     7.78e-05       
56       0.085200     7.64e-05       
57       0.100100     7.50e-05       
58       0.129800     7.36e-05       
59       0.104500     7.21e-05       
60       0.139400     7.06e-05       
61       0.128200     6.91e-05       
62       0.169900     6.76e-05       
63       0.152400     6.61e-05       
64       0.115500     6.45e-05       
65       0.156700     6.29e-05       
66       0.261300     6.14e-05       
67       0.053000     5.98e-05       
68       0.024400     5.81e-05       
69       0.061100     5.65e-05       
70       0.093500     5.49e-05       
71       0.108900     5.33e-05       
72       0.126600     5.16e-05       
73       0.144400     5.00e-05       
74       0.053000     4.84e-05       
75       0.077100     4.67e-05       
76       0.109700     4.51e-05       
77       0.112900     4.35e-05       
78       0.082100     4.19e-05       
79       0.167600     4.02e-05       
80       0.193000     3.86e-05       
81       0.094300     3.71e-05       
82       0.252500     3.55e-05       
83       0.044400     3.39e-05       
84       0.125200     3.24e-05       
85       0.045200     3.09e-05       
86       0.097200     2.94e-05       
87       0.110500     2.79e-05       
88       0.115000     2.64e-05       
89       0.051800     2.50e-05       
90       0.144300     2.36e-05       
91       0.085200     2.22e-05       
92       0.251500     2.09e-05       
93       0.274500     1.96e-05       
94       0.084900     1.83e-05       
95       0.082400     1.70e-05       
96       0.074300     1.58e-05       
97       0.191200     1.46e-05       
98       0.097900     1.35e-05       
99       0.116500     1.24e-05       
100      0.102700     1.13e-05       
101      0.071200     1.03e-05       
102      0.038000     9.36e-06       
103      0.089300     8.43e-06       
104      0.092200     7.54e-06       
105      0.070600     6.70e-06       
106      0.135400     5.90e-06       
107      0.082500     5.16e-06       
108      0.081500     4.46e-06       
109      0.057400     3.81e-06       
110      0.058600     3.20e-06       
111      0.136300     2.65e-06       
112      0.153200     2.15e-06       
113      0.050500     1.70e-06       
114      0.082600     1.31e-06       
115      0.321600     9.61e-07       
116      0.089200     6.68e-07       
117      0.094000     4.28e-07       
118      0.092200     2.41e-07       
119      0.060600     1.07e-07       
120      0.032700     2.68e-08       

VALIDATION DATA:
Step     Eval Loss   
--------------------
10       0.269597    
20       0.217431    
30       0.212988    
40       0.163935    
50       0.152190    
60       0.144493    
70       0.139115    
80       0.133085    
90       0.128104    
100      0.124412    
110      0.123676    
120      0.123464    

FINAL METRICS:
Final Training Loss: 0.032700
Final Validation Loss: 0.123464
Final Learning Rate: 2.68e-08
